num	mean	min	q25	q50	q75	max
1	29	2	26	32	36	40
2	35	2	33	36	39	41
3	35	2	34	35	39	41
4	28	2	26	30	34	37
5	36	2	35	38	40	41
6	37	33	35	38	40	41
7	32	2	30	35	36	40
8	34	2	33	34	40	40
9	37	29	36	38	40	41
10	35	20	34	35	37	41
11	37	2	35	39	41	41
12	39	31	39	41	41	41
13	23	2	2	33	37	40
14	38	34	35	39	41	41
15	28	2	25	32	35	40
16	37	2	35	39	41	41
17	35	20	33	36	38	40
18	37	30	35	37	41	41
19	30	2	27	32	38	40
20	36	2	35	37	41	41
21	30	8	27	33	35	40
22	36	30	35	35	39	41
23	35	2	32	38	41	41
24	37	30	35	39	41	41
25	38	2	37	40	41	41
26	37	25	35	39	41	41
27	36	2	34	36	40	41
28	36	21	34	37	39	40
29	36	2	35	36	40	41
30	37	2	36	39	40	41
31	38	32	36	39	41	41
32	38	30	37	40	41	41
33	38	2	36	40	41	41
34	37	2	36	39	41	41
35	32	2	33	35	39	41
36	35	2	34	35	40	41
37	36	2	35	38	41	41
38	37	20	35	39	41	41
39	35	2	34	35	40	41
40	35	21	34	36	39	41
41	24	2	2	31	38	41
42	38	34	35	39	41	41
43	38	2	37	40	41	41
44	28	2	27	35	37	41
45	35	2	34	37	39	40
46	33	18	31	34	38	41
47	32	2	30	34	38	40
48	38	29	37	39	41	41
49	37	2	35	38	40	41
50	38	18	36	39	41	41
51	35	2	35	35	35	41
52	34	15	34	35	35	41
53	37	2	35	39	40	41
54	35	28	34	35	38	41
55	37	2	36	39	41	41
56	36	20	35	36	40	41
57	31	2	30	34	38	40
58	35	23	33	35	39	41
59	36	2	35	37	40	41
60	35	13	34	35	40	41
61	26	2	20	30	35	40
62	37	33	35	37	41	41
63	37	2	35	39	41	41
64	33	7	31	35	37	41
65	37	2	37	40	41	41
66	37	2	35	38	40	41
67	35	20	33	36	38	40
68	37	2	35	40	41	41
69	35	2	34	38	39	41
70	35	2	35	38	40	41
71	37	19	35	38	40	41
72	37	2	35	39	41	41
73	34	23	33	34	38	40
74	34	2	33	35	39	41
75	37	25	36	38	39	41
76	38	29	36	39	41	41
77	35	2	34	35	39	41
78	22	2	2	30	34	38
79	37	2	35	38	41	41
80	34	18	33	35	39	41
81	35	2	33	37	39	40
82	39	34	38	40	41	41
83	37	2	35	39	40	41
84	38	32	35	39	41	41
85	36	29	35	35	39	41
86	38	2	37	40	41	41
87	35	27	35	35	39	41
88	28	2	25	32	35	39
89	37	2	35	40	41	41
90	35	24	33	35	39	40
91	38	2	37	40	41	41
92	35	20	34	35	38	41
93	36	2	35	38	40	40
94	32	7	31	33	37	40
95	24	2	2	34	37	40
96	34	25	34	35	35	41
97	36	2	35	38	40	41
98	39	32	38	40	41	41
99	36	2	35	37	39	41
100	37	18	35	38	40	41
101	32	2	30	33	37	40
102	35	25	35	35	38	41
103	37	2	35	39	41	41
104	37	31	35	38	41	41
105	36	2	35	39	40	40
106	36	25	34	36	39	41
107	38	2	36	40	41	41
108	38	33	36	39	41	41
109	37	2	36	39	40	41
110	33	5	31	36	39	40
111	34	2	32	35	37	40
112	37	23	35	39	41	41
113	33	2	30	34	39	41
114	38	32	36	40	41	41
115	24	2	16	31	35	40
116	23	2	2	31	36	40
117	35	2	34	37	39	40
118	30	7	26	31	36	40
119	33	2	28	39	40	41
120	33	7	31	35	37	41
121	35	25	34	37	38	40
122	37	2	35	39	41	41
123	34	31	35	35	35	39
124	33	2	32	34	37	40
125	38	34	37	40	41	41
126	31	2	33	36	40	41
127	37	33	35	37	41	41
128	34	18	31	35	39	40
129	32	2	28	35	38	41
130	37	24	36	38	40	41
131	37	2	35	39	41	41
132	37	2	35	40	41	41
133	35	23	33	35	40	41
134	37	2	36	39	40	41
135	29	8	26	32	35	38
136	37	2	35	37	41	41
137	38	31	36	39	41	41
138	27	2	24	31	35	40
139	38	32	37	40	41	41
140	35	2	34	37	39	41
141	38	30	36	39	41	41
142	37	2	36	39	41	41
143	37	30	36	39	40	41
144	35	2	34	37	40	41
145	38	31	36	39	40	41
146	37	2	37	39	40	41
147	34	23	32	34	38	41
148	33	2	31	35	39	41
149	36	7	34	38	40	41
150	27	2	24	30	34	40
151	38	28	37	39	40	41
152	33	2	32	35	38	41
153	34	17	32	34	38	40
154	32	2	30	33	36	40
155	34	2	33	35	39	41
156	37	2	35	39	41	41
157	36	18	35	38	39	41
158	36	2	35	38	40	41
159	38	31	37	39	40	41
160	37	2	36	39	41	41
161	37	27	35	39	40	41
162	36	2	34	37	40	41
163	38	34	37	39	41	41
164	38	2	37	40	41	41
165	35	23	33	35	39	41
166	37	2	35	38	40	41
167	38	31	37	40	41	41
168	29	2	26	30	35	40
169	36	20	35	35	39	41
170	37	5	35	39	41	41
171	34	2	33	35	37	41
172	35	31	35	35	36	41
173	27	7	24	30	34	38
174	35	2	33	34	40	40
175	36	24	34	37	39	41
176	37	2	36	39	40	41
177	35	26	33	35	39	40
178	34	2	33	36	39	40
179	38	29	36	39	41	41
180	29	2	27	32	34	40
181	34	12	33	35	39	41
182	36	30	35	35	39	41
183	32	2	31	33	36	40
184	37	31	35	38	39	40
185	34	2	33	35	39	41
186	38	31	35	39	41	41
187	37	2	35	39	41	41
188	33	8	32	34	37	40
189	37	2	36	40	41	41
190	24	6	18	26	33	38
191	37	2	35	39	41	41
192	31	2	29	33	37	40
193	36	2	35	38	40	41
194	36	9	34	37	39	41
195	36	2	35	37	40	41
196	33	5	30	34	38	41
197	35	2	34	35	37	40
198	36	24	34	37	41	41
199	34	2	33	35	38	40
200	36	2	34	39	41	41
201	36	25	34	36	40	41
202	31	2	30	34	37	40
203	36	29	35	37	40	41
204	35	2	34	36	39	41
205	36	23	35	37	39	41
206	35	2	35	35	39	41
207	37	31	34	37	41	41
208	37	27	35	39	41	41
209	38	2	37	40	41	41
210	36	5	35	38	40	41
211	35	2	34	35	39	41
212	38	30	35	39	40	41
213	36	2	34	37	40	41
214	33	2	29	37	40	41
215	38	34	36	40	41	41
216	37	2	35	39	41	41
217	35	13	33	35	40	41
218	35	2	34	35	39	41
219	37	2	35	39	40	41
220	35	26	34	35	38	41
221	37	2	37	39	40	41
222	37	18	36	39	40	41
223	33	2	30	34	38	40
224	34	8	32	35	39	41
225	38	33	36	40	41	41
226	37	2	35	39	41	41
227	38	34	37	39	41	41
228	37	2	36	39	41	41
229	35	2	35	39	41	41
230	36	29	34	35	39	41
231	38	2	37	40	41	41
232	39	33	37	40	41	41
233	34	2	34	36	39	41
234	34	2	32	37	39	40
235	38	2	37	40	41	41
236	37	31	36	38	40	41
237	35	2	34	37	39	41
238	34	2	34	35	37	41
239	34	2	34	36	39	41
240	37	2	35	39	41	41
241	37	29	35	38	40	41
242	33	7	31	34	37	41
243	37	2	36	39	41	41
244	36	2	34	35	40	41
245	31	2	29	34	37	40
246	35	2	35	35	39	41
247	36	20	34	38	40	41
248	35	18	34	37	39	40
249	35	7	33	36	39	41
250	36	2	34	37	40	41
251	36	20	35	35	39	41
252	35	2	35	36	40	41
253	36	25	34	36	39	41
254	38	2	36	40	41	41
255	37	27	35	37	41	41
256	31	2	29	33	35	38
257	35	28	34	36	38	41
258	37	20	35	39	41	41
259	37	2	35	39	41	41
260	37	24	35	39	41	41
261	33	2	30	34	38	41
262	38	2	38	40	41	41
263	33	7	31	34	35	41
264	28	2	26	32	38	41
265	31	2	29	33	36	40
266	36	2	35	39	41	41
267	34	23	32	34	37	40
268	36	2	35	38	40	40
269	32	7	30	34	38	40
270	38	2	37	40	41	41
271	35	18	33	36	40	41
272	37	2	35	38	41	41
273	36	30	35	37	39	41
274	37	31	35	39	41	41
275	34	2	33	35	39	41
276	38	31	36	39	41	41
277	35	2	34	36	40	41
278	34	2	33	35	36	41
279	33	16	30	35	37	40
280	37	29	35	38	41	41
281	28	2	27	30	33	40
282	37	2	36	40	41	41
283	25	2	24	29	34	40
284	35	2	34	36	39	41
285	31	7	30	33	35	39
286	36	2	35	37	40	41
287	38	2	36	39	41	41
288	37	31	35	37	41	41
289	29	2	27	31	36	40
290	37	30	35	39	41	41
291	37	2	36	39	41	41
292	38	32	37	39	41	41
293	38	2	36	40	41	41
294	37	29	35	37	41	41
295	37	2	35	39	41	41
296	37	28	36	38	40	41
297	35	2	35	35	39	41
298	37	26	35	38	40	41
299	39	32	38	40	41	41
300	27	2	12	37	41	41
301	32	2	32	36	38	41
302	36	2	35	38	41	41
303	37	2	35	39	41	41
304	38	32	36	39	41	41
305	38	2	37	40	41	41
306	37	30	35	37	40	41
307	36	2	35	39	41	41
308	38	2	37	40	41	41
309	36	2	35	37	40	41
310	37	29	35	38	40	41
311	35	23	34	36	39	41
312	35	2	34	36	39	40
313	38	2	38	40	41	41
314	34	21	32	35	38	41
315	38	28	36	39	41	41
316	36	2	34	39	40	40
317	37	30	35	38	40	41
318	34	2	33	35	38	41
319	36	2	36	39	41	41
320	35	2	33	36	39	41
321	31	9	29	33	36	40
322	33	7	28	37	40	41
323	34	2	33	38	40	41
324	24	2	2	35	39	41
325	37	2	36	39	41	41
326	31	2	29	33	36	40
327	27	2	25	31	34	40
328	37	28	35	38	39	41
329	37	2	35	39	41	41
330	37	2	35	39	41	41
331	30	7	29	33	37	40
332	33	2	31	35	37	40
333	36	28	35	37	40	41
334	37	2	35	39	41	41
335	28	2	27	31	33	40
336	29	2	2	39	41	41
337	38	2	37	40	41	41
338	37	2	37	39	41	41
339	37	30	35	37	40	41
340	32	2	31	35	38	40
341	28	2	23	30	35	40
342	38	2	37	39	40	41
343	38	34	35	39	41	41
344	36	2	35	37	41	41
345	37	26	36	39	40	41
346	36	2	35	37	41	41
347	34	18	33	35	38	40
348	37	30	35	37	40	41
349	37	2	35	37	41	41
350	37	33	35	38	41	41
351	37	30	35	37	40	41
352	38	31	35	39	41	41
353	36	2	35	37	40	41
354	36	2	34	37	40	41
355	30	2	28	33	35	39
356	34	2	33	35	38	40
357	34	23	33	35	37	40
358	37	2	36	40	40	41
359	31	7	29	32	37	40
360	36	2	34	37	40	41
361	38	2	37	40	41	41
362	29	6	25	32	35	40
363	33	2	31	37	39	40
364	33	18	30	34	37	40
365	35	2	34	37	40	40
366	34	2	34	35	37	40
367	37	28	36	38	40	41
368	38	2	37	40	41	41
369	38	25	36	39	41	41
370	35	2	34	37	39	40
371	38	33	36	40	41	41
372	35	2	33	36	39	41
373	37	32	35	38	41	41
374	26	2	20	28	34	40
375	32	7	29	34	38	40
376	28	2	29	32	34	40
377	34	24	33	35	35	41
378	37	2	36	39	40	41
379	37	28	35	38	41	41
380	37	2	35	39	40	41
381	37	25	36	39	41	41
382	30	2	32	34	35	40
383	33	7	32	34	38	40
384	37	2	35	37	41	41
385	38	26	35	39	41	41
386	37	2	35	38	40	41
387	38	31	37	40	41	41
388	29	2	27	33	36	40
389	36	26	35	37	39	41
390	35	2	35	36	39	41
391	37	30	35	37	41	41
392	34	2	33	35	39	41
393	36	24	35	35	40	41
394	34	2	34	36	38	40
395	38	32	36	40	41	41
396	37	2	35	39	41	41
397	34	21	32	35	38	41
398	34	2	32	35	39	41
399	37	32	35	37	41	41
400	37	2	35	38	40	41
401	37	29	35	37	40	41
402	37	2	36	40	40	40
403	37	32	35	37	41	41
404	37	2	35	40	41	41
405	32	12	30	33	36	40
406	38	2	38	40	41	41
407	37	31	35	37	41	41
408	34	2	32	36	37	40
409	38	30	36	39	41	41
410	36	2	35	36	40	41
411	28	2	25	31	38	40
412	35	2	34	37	40	41
413	34	8	31	35	38	41
414	38	2	36	40	41	41
415	37	25	35	38	40	41
416	37	2	35	39	41	41
417	36	20	34	35	39	41
418	38	2	36	39	41	41
419	37	30	35	37	40	41
420	32	2	29	34	37	40
421	25	2	7	33	38	41
422	37	2	35	38	41	41
423	36	25	35	37	39	41
424	34	2	34	36	40	41
425	27	5	23	30	34	40
426	36	2	35	38	40	41
427	34	18	32	35	38	40
428	37	2	36	39	41	41
429	32	2	32	37	40	41
430	37	2	35	39	41	41
431	30	7	28	32	36	40
432	36	27	35	35	40	41
433	37	2	35	39	41	41
434	29	2	27	33	35	40
435	36	21	34	37	40	41
436	37	2	36	39	40	40
437	32	7	31	34	35	41
438	37	2	35	39	40	41
439	35	19	34	37	39	40
440	37	2	35	39	41	41
441	37	20	35	38	41	41
442	36	2	35	36	39	41
443	36	2	34	37	40	41
444	28	2	24	34	37	41
445	36	2	35	37	40	41
446	38	2	37	40	41	41
447	38	28	37	40	41	41
448	35	2	34	37	40	41
449	38	33	35	39	41	41
450	37	2	37	39	41	41
451	37	2	35	39	41	41
452	36	2	35	36	40	41
453	37	24	35	37	41	41
454	35	2	34	37	39	40
455	35	2	34	36	40	41
456	36	27	35	35	39	41
457	36	2	35	36	40	41
458	36	24	34	37	40	41
459	35	18	33	37	39	41
460	38	2	38	40	41	41
461	33	18	31	35	38	40
462	37	2	35	39	41	41
463	34	8	30	37	40	41
464	32	2	29	35	38	41
465	36	25	34	36	40	41
466	37	2	37	40	41	41
467	38	28	36	39	41	41
468	34	2	31	35	38	40
469	37	2	35	39	41	41
470	35	10	31	36	39	41
471	34	14	33	35	38	40
472	30	2	28	32	35	40
473	38	2	36	40	41	41
474	38	20	37	40	41	41
475	37	2	36	39	41	41
476	38	26	36	39	41	41
477	36	2	36	38	39	40
478	37	29	35	39	40	41
479	36	16	35	37	40	41
480	37	2	35	39	41	41
481	37	2	35	39	41	41
482	29	8	27	31	34	38
483	38	29	36	39	41	41
484	30	2	26	31	35	40
485	25	2	2	32	37	40
486	34	2	33	35	39	41
487	36	29	34	37	39	41
488	35	2	34	38	39	40
489	35	2	34	35	38	41
490	34	2	33	36	39	40
491	35	2	34	35	40	41
492	33	7	31	34	37	40
493	37	2	35	38	41	41
494	38	34	37	40	41	41
495	22	2	2	24	35	41
496	31	6	30	33	35	40
497	35	2	34	36	39	40
498	37	27	35	38	40	41
499	34	2	33	35	40	41
500	35	2	34	40	41	41
501	33	19	31	34	38	41
502	37	2	35	39	40	41
503	33	13	32	34	37	40
504	31	2	29	34	37	41
505	32	7	29	34	38	41
506	36	2	35	38	40	41
507	35	24	34	35	37	41
508	31	2	32	35	39	41
509	37	30	35	39	41	41
510	33	2	31	35	38	41
511	39	29	38	40	41	41
512	33	2	32	35	39	40
513	37	2	36	39	41	41
514	35	15	33	35	39	41
515	38	2	37	40	41	41
516	39	34	37	40	41	41
517	37	2	35	37	41	41
518	35	20	34	37	39	41
519	34	15	34	35	38	41
520	38	2	35	40	41	41
521	35	19	34	36	38	41
522	37	25	36	39	40	41
523	34	2	32	35	39	40
524	37	25	35	38	40	41
525	35	2	34	35	39	41
526	33	2	30	35	38	41
527	37	27	35	39	40	41
528	38	2	37	40	41	41
529	31	7	28	33	36	40
530	35	24	32	35	38	40
531	31	2	29	33	36	40
532	29	7	27	31	35	40
533	34	2	32	35	39	41
534	36	26	34	37	39	41
535	38	2	37	39	41	41
536	36	8	34	37	39	41
537	32	2	31	33	35	40
538	26	2	24	30	34	39
539	32	2	32	35	38	41
540	36	29	34	37	39	41
541	32	2	31	34	36	40
542	37	33	35	38	41	41
543	35	2	34	35	40	41
544	35	25	33	36	38	40
545	30	2	26	34	39	41
546	36	29	34	38	40	41
547	37	2	35	39	41	41
548	38	27	35	39	41	41
549	37	2	36	39	41	41
550	23	2	2	31	36	40
551	36	2	35	35	40	41
552	37	31	36	38	40	41
553	30	2	27	33	38	40
554	38	30	36	39	41	41
555	35	2	33	35	41	41
556	31	2	29	33	37	41
557	38	32	35	39	41	41
558	31	2	28	32	37	40
559	37	27	35	39	40	41
560	35	2	34	37	40	40
561	34	14	32	35	38	41
562	38	2	37	40	41	41
563	38	31	36	39	41	41
564	38	2	37	40	41	41
565	37	27	35	38	41	41
566	38	2	37	40	41	41
567	36	24	34	36	39	41
568	36	2	34	36	41	41
569	37	24	35	39	41	41
570	38	2	37	40	41	41
571	27	2	24	34	36	40
572	38	31	37	40	41	41
573	29	2	30	37	39	40
574	38	30	36	40	41	41
575	34	2	35	39	40	41
576	32	6	30	33	35	41
577	34	2	33	35	38	41
578	37	25	35	38	40	41
579	35	2	35	37	40	41
580	27	2	24	30	34	36
581	37	28	35	39	41	41
582	35	2	34	35	40	40
583	38	29	37	40	41	41
584	26	2	18	29	39	41
585	37	19	35	38	41	41
586	34	2	34	35	38	41
587	38	31	37	39	41	41
588	35	2	33	37	41	41
589	37	2	36	40	41	41
590	37	23	35	39	40	41
591	37	2	35	39	40	41
592	38	29	35	39	41	41
593	37	2	36	38	40	41
594	35	15	33	35	39	41
595	36	2	35	37	40	41
596	38	31	36	40	41	41
597	35	25	34	35	39	41
598	35	2	34	37	39	40
599	37	19	35	37	41	41
600	35	2	34	37	39	40
601	36	25	34	37	39	40
602	35	2	34	37	39	41
603	33	7	31	35	39	40
604	36	2	34	37	40	41
605	37	2	35	39	41	41
606	35	23	33	37	39	41
607	37	2	36	40	41	41
608	37	31	35	39	40	41
609	31	2	26	35	38	40
610	36	19	34	37	40	40
611	36	30	34	37	40	41
612	36	2	35	38	40	41
613	37	2	35	39	40	41
614	38	34	37	39	41	41
615	37	2	35	39	41	41
616	38	31	35	39	41	41
617	35	2	34	35	38	41
618	24	2	13	29	35	40
619	35	2	35	37	39	40
620	37	32	35	36	40	41
621	37	2	36	39	41	41
622	33	20	31	34	36	40
623	35	2	34	34	39	40
624	37	25	35	38	40	41
625	32	5	31	34	35	40
626	36	2	35	38	40	41
627	38	31	36	39	41	41
628	36	2	34	39	41	41
629	37	23	35	39	40	41
630	29	2	27	32	35	40
631	37	29	35	39	41	41
632	37	2	37	39	40	41
633	35	20	33	35	38	41
634	37	2	35	39	41	41
635	34	6	32	35	37	40
636	36	2	36	39	40	41
637	29	7	27	30	35	39
638	38	30	36	40	41	41
639	34	2	33	35	39	40
640	36	2	35	36	40	41
641	34	2	32	36	38	41
642	35	15	33	35	39	41
643	37	2	35	39	40	41
644	35	15	33	35	40	41
645	32	2	30	34	38	40
646	30	7	29	33	35	40
647	24	2	16	31	35	40
648	38	31	37	39	41	41
649	30	2	27	32	34	41
650	35	25	34	35	38	41
651	36	2	35	38	40	41
652	37	33	35	37	40	41
653	31	2	29	34	37	40
654	32	15	29	34	36	41
655	28	2	26	34	37	40
656	35	15	33	35	39	41
657	31	2	32	35	40	41
658	24	2	13	30	35	39
659	36	2	35	37	40	41
660	34	20	32	35	38	41
661	28	2	25	32	35	40
662	31	2	29	35	37	40
663	37	27	35	39	41	41
664	37	2	35	40	41	41
665	37	32	35	37	41	41
666	31	2	29	33	38	40
667	37	29	35	37	40	41
668	30	2	31	35	37	41
669	33	7	33	34	36	40
670	36	2	35	36	40	41
671	33	2	30	35	38	40
672	33	2	32	34	37	40
673	36	20	34	37	39	41
674	35	2	34	37	39	40
675	37	26	35	38	40	41
676	33	2	32	34	37	40
677	36	26	34	37	39	41
678	32	2	30	36	39	40
679	37	31	35	37	40	41
680	32	2	30	34	37	40
681	35	20	33	36	39	41
682	38	30	37	40	41	41
683	31	2	29	32	36	40
684	37	30	35	38	41	41
685	31	2	28	34	37	41
686	38	34	37	40	41	41
687	36	2	35	35	39	41
688	32	2	31	34	37	40
689	34	2	33	35	39	41
690	32	15	30	33	35	40
691	35	2	34	38	40	41
692	24	2	18	29	32	40
693	32	2	30	34	37	40
694	33	8	32	35	38	40
695	33	2	31	34	38	40
696	31	2	30	36	39	41
697	37	18	36	39	41	41
698	37	2	35	39	41	41
699	38	31	35	39	41	41
700	35	2	35	35	40	41
701	32	7	30	33	38	40
702	33	2	32	37	40	40
703	33	17	31	33	37	39
704	35	2	34	38	39	40
705	38	34	37	39	41	41
706	33	2	31	37	40	41
707	38	33	37	40	41	41
708	35	2	34	38	40	41
709	34	7	34	35	38	40
710	29	2	25	32	35	41
711	36	26	34	36	38	41
712	29	2	28	34	38	41
713	39	34	37	40	41	41
714	38	32	35	39	41	41
715	26	2	18	34	37	40
716	37	30	36	39	40	41
717	38	30	36	39	41	41
718	36	2	36	39	40	41
719	38	30	35	40	41	41
720	34	2	34	36	39	41
721	37	27	35	36	40	41
722	32	2	32	36	40	41
723	39	31	38	40	41	41
724	33	7	31	35	38	41
725	34	2	32	35	38	41
726	36	24	34	35	39	41
727	38	32	35	39	41	41
728	30	2	29	33	36	40
729	38	31	35	39	41	41
730	36	20	35	37	41	41
731	32	7	29	34	38	40
732	39	30	39	40	41	41
733	35	12	33	35	40	41
734	32	12	30	33	37	40
735	36	24	34	37	40	41
736	34	20	33	35	38	41
737	37	26	35	38	40	41
738	33	5	30	35	38	41
739	35	17	33	35	39	41
740	37	2	36	39	40	41
741	30	7	27	33	37	41
742	33	2	32	35	39	41
743	36	25	35	37	39	41
744	34	21	33	35	37	40
745	27	2	25	30	34	38
746	33	7	30	36	39	40
747	34	2	32	36	38	40
748	38	31	38	40	41	41
749	35	23	33	35	38	41
750	35	18	32	36	39	40
751	37	26	35	39	40	41
752	36	23	34	35	40	41
753	32	7	30	34	36	39
754	35	20	34	36	39	41
755	34	11	32	36	38	40
756	36	28	35	38	39	41
757	33	2	31	35	38	41
758	36	25	34	35	39	41
759	34	7	31	35	38	40
760	34	23	32	35	37	41
761	37	31	35	37	41	41
762	33	2	33	35	35	40
763	38	31	37	40	41	41
764	36	23	35	36	39	41
765	33	18	31	34	36	40
766	32	7	30	33	36	40
767	33	18	31	34	38	40
768	36	27	35	36	40	41
769	33	7	31	35	38	41
770	37	29	35	37	40	41
771	33	18	31	35	38	41
772	37	18	35	38	40	41
773	30	7	27	33	36	40
774	38	25	36	39	41	41
775	36	24	35	37	40	41
776	33	2	31	34	37	41
777	30	2	30	34	37	41
778	31	9	28	32	36	40
779	37	26	35	39	40	41
780	36	30	35	37	39	41
781	37	20	35	39	40	41
782	36	28	34	38	39	41
783	32	17	30	33	37	41
784	39	30	37	40	41	41
785	36	24	34	35	39	41
786	35	18	34	35	40	41
787	36	2	35	38	39	41
788	37	2	36	39	41	41
789	30	9	29	32	36	40
790	31	2	28	33	35	40
791	24	2	7	30	36	39
792	39	34	38	40	41	41
793	30	2	28	32	35	40
794	31	6	30	33	35	40
795	37	25	35	38	40	41
796	38	26	37	39	41	41
797	33	7	31	35	38	41
798	36	23	35	35	39	41
799	37	7	35	38	40	41
800	34	23	33	35	37	41
801	35	2	34	37	39	40
802	37	30	34	37	41	41
803	33	7	31	34	37	41
804	36	25	35	37	39	41
805	38	34	36	39	41	41
806	38	29	36	39	40	41
807	35	30	35	35	37	41
808	35	2	34	37	40	41
809	37	30	35	39	41	41
810	39	33	37	40	41	41
811	36	15	34	37	40	41
812	35	2	34	37	39	41
813	36	32	35	35	37	41
814	33	12	30	34	37	41
815	35	24	34	36	38	41
816	39	34	37	41	41	41
817	38	30	36	39	41	41
818	38	31	37	39	41	41
819	33	10	30	35	38	40
820	38	31	35	40	41	41
821	35	25	34	35	37	41
822	37	29	34	39	41	41
823	35	20	33	37	39	41
824	39	33	37	40	41	41
825	38	31	37	39	40	41
826	38	33	37	40	41	41
827	24	2	2	34	36	41
828	37	30	35	38	40	41
829	37	20	35	39	41	41
830	37	13	35	38	40	41
831	38	28	36	39	41	41
832	37	2	35	39	41	41
833	36	23	35	37	40	41
834	38	2	37	41	41	41
835	35	7	34	36	39	40
836	30	2	28	33	35	40
837	36	26	34	37	40	41
838	35	19	34	36	39	41
839	33	2	33	35	37	41
840	37	8	36	39	41	41
841	35	19	33	35	39	41
842	36	26	35	38	39	41
843	36	27	35	37	40	41
844	38	33	35	39	41	41
845	31	8	29	32	35	40
846	38	33	35	39	41	41
847	38	33	35	39	41	41
848	30	2	34	40	41	41
849	35	20	34	35	38	41
850	37	34	35	37	41	41
851	29	7	27	31	34	40
852	37	27	35	39	40	41
853	37	28	35	38	40	41
854	26	2	2	36	40	41
855	36	25	34	38	40	41
856	39	32	38	40	41	41
857	35	23	34	36	39	41
858	35	20	33	35	39	41
859	31	6	28	33	36	40
860	38	2	37	40	41	41
861	37	31	35	37	39	41
862	36	18	35	37	40	41
863	38	33	35	40	41	41
864	36	31	35	35	39	41
865	37	25	35	39	40	41
866	37	18	36	39	41	41
867	36	27	33	35	40	41
868	38	24	37	40	41	41
869	37	30	35	37	40	41
870	37	20	35	37	40	41
871	37	28	35	37	41	41
872	38	34	35	39	41	41
873	36	26	34	37	39	40
874	38	32	37	39	40	41
875	31	7	29	33	35	40
876	37	29	36	38	40	41
877	36	25	34	36	40	41
878	37	29	35	38	40	41
879	34	2	33	37	39	41
880	38	32	35	39	41	41
881	33	21	32	34	36	40
882	37	31	35	37	40	41
883	31	2	33	37	40	41
884	25	2	24	30	35	40
885	35	25	32	36	40	41
886	36	30	35	35	40	41
887	35	25	34	36	39	40
888	37	28	36	39	40	41
889	37	33	35	38	41	41
890	35	25	33	36	38	41
891	37	33	35	37	40	41
892	30	5	26	33	35	40
893	33	8	31	35	37	40
894	28	6	25	31	35	39
895	36	2	34	38	40	41
896	29	2	24	31	36	40
897	36	25	34	36	39	41
898	36	22	34	37	38	40
899	32	5	30	34	37	40
900	37	34	35	37	39	41
901	38	30	36	39	40	41
902	37	30	36	39	40	41
903	37	33	35	37	40	41
904	38	27	35	39	40	41
905	39	34	37	40	41	41
906	33	8	30	35	38	40
907	39	34	37	40	41	41
908	31	2	28	34	38	41
909	37	31	35	37	40	41
910	35	20	34	35	39	41
911	35	7	33	36	39	41
912	35	20	33	35	38	41
913	36	25	34	39	40	41
914	28	7	25	31	33	40
915	38	30	35	39	41	41
916	37	27	35	37	41	41
917	35	25	31	37	39	40
918	36	18	34	37	39	41
919	35	18	34	36	38	41
920	36	31	35	35	39	41
921	39	33	39	40	41	41
922	37	27	35	39	41	41
923	36	25	34	38	40	41
924	36	2	35	35	40	41
925	37	25	35	38	40	41
926	38	30	36	40	41	41
927	38	33	35	39	41	41
928	33	2	31	35	39	41
929	38	33	37	39	41	41
930	31	7	27	34	37	41
931	22	2	2	29	33	39
932	37	20	35	39	41	41
933	37	32	35	39	41	41
934	38	26	37	40	41	41
935	38	34	37	40	41	41
936	35	28	34	36	39	41
937	33	7	31	35	38	41
938	31	9	29	33	37	40
939	36	2	35	38	40	41
940	37	33	35	39	40	41
941	37	26	36	38	40	41
942	35	2	34	37	39	41
943	37	15	35	39	41	41
944	38	33	37	40	41	41
945	37	2	35	39	41	41
946	35	23	34	35	39	41
947	37	31	35	38	40	41
948	36	2	35	39	40	41
949	37	30	35	39	41	41
950	36	20	34	35	39	41
951	37	26	35	38	40	41
952	31	5	29	34	38	41
953	35	18	33	36	38	41
954	37	22	35	37	41	41
955	38	32	36	39	41	41
956	34	12	32	35	38	40
957	34	5	33	35	39	41
958	38	29	37	40	41	41
959	36	29	35	35	40	41
960	37	27	35	38	40	41
961	34	19	33	35	38	40
962	30	6	28	32	35	39
963	34	2	34	35	37	41
964	36	2	35	35	40	41
965	30	7	29	32	35	39
966	38	28	36	39	40	41
967	36	20	34	36	39	41
968	37	27	35	37	41	41
969	37	32	35	39	41	41
970	37	34	35	38	41	41
971	37	25	35	38	40	41
972	37	33	35	37	41	41
973	33	2	31	35	37	41
974	33	20	31	34	37	40
975	36	11	35	38	39	41
976	35	5	33	37	41	41
977	35	20	34	37	40	41
978	33	7	32	35	38	41
979	39	34	38	40	41	41
980	36	20	35	37	40	41
981	35	21	34	36	38	40
982	29	2	27	32	37	40
983	32	2	31	34	35	41
984	34	30	34	35	35	37
985	29	6	26	32	34	40
986	36	25	34	37	39	41
987	37	28	35	38	40	40
988	36	27	35	37	39	40
989	38	31	36	39	41	41
990	36	18	34	37	40	41
991	33	17	31	34	37	40
992	38	31	37	39	41	41
993	28	5	26	31	33	40
994	39	31	37	40	41	41
995	36	25	35	38	40	41
996	38	20	35	40	41	41
997	39	34	38	40	41	41
998	37	27	35	37	41	41
999	36	23	34	35	40	41
1000	38	31	37	39	41	41
1001	36	27	35	35	39	41
1002	38	31	35	39	41	41
1003	34	15	33	35	38	41
1004	36	24	34	36	40	41
1005	36	30	35	35	39	41
1006	36	18	34	36	39	41
1007	38	34	37	40	41	41
1008	20	2	2	29	34	38
1009	37	30	35	37	40	41
1010	35	15	32	36	39	41
1011	36	34	35	35	39	41
1012	37	33	35	39	40	41
1013	37	27	35	38	40	41
1014	34	18	32	35	38	41
1015	37	2	36	39	40	40
1016	36	20	34	37	40	41
1017	37	17	35	37	41	41
1018	36	2	35	36	40	41
1019	37	27	35	39	41	41
1020	33	21	30	34	37	40
1021	38	31	37	40	41	41
1022	32	2	29	34	38	40
1023	32	7	30	34	36	40
1024	36	5	35	39	41	41
1025	38	34	35	39	41	41
1026	38	33	35	39	40	41
1027	38	34	36	40	41	41
1028	37	29	35	38	40	41
1029	37	6	35	39	41	41
1030	36	7	35	37	41	41
1031	37	24	35	38	40	41
1032	30	2	29	33	38	40
1033	35	11	33	35	40	41
1034	35	24	33	36	39	41
1035	32	7	29	34	38	40
1036	33	8	31	34	37	40
1037	30	2	28	32	34	40
1038	31	2	32	35	35	41
1039	32	17	30	33	36	40
1040	38	33	35	39	41	41
1041	38	33	35	39	41	41
1042	37	24	35	38	41	41
1043	37	26	35	38	39	41
1044	36	19	34	35	40	41
1045	24	2	21	28	33	38
1046	36	24	34	35	40	41
1047	38	29	36	39	41	41
1048	38	29	37	40	41	41
1049	36	24	34	37	40	41
1050	35	6	33	36	38	41
1051	36	20	34	39	41	41
1052	37	23	36	39	40	41
1053	36	7	33	38	40	41
1054	35	26	34	35	38	41
1055	35	19	34	36	40	41
1056	32	7	30	34	38	40
1057	38	33	35	39	41	41
1058	37	28	35	39	41	41
1059	36	18	35	36	40	41
1060	34	7	31	35	38	40
1061	21	2	2	28	34	40
1062	23	2	8	28	33	38
1063	31	2	30	33	35	40
1064	37	25	35	37	41	41
1065	34	21	32	34	37	40
1066	34	17	33	35	39	41
1067	33	16	33	34	36	40
1068	35	18	34	36	38	40
1069	37	27	35	39	40	41
1070	32	2	30	33	37	41
1071	38	31	36	40	41	41
1072	36	11	34	37	40	41
1073	27	2	24	30	34	40
1074	36	25	35	36	40	41
1075	32	7	30	34	37	40
1076	32	2	31	34	37	41
1077	28	2	25	34	37	40
1078	39	34	39	41	41	41
1079	36	15	34	35	41	41
1080	35	23	34	35	39	41
1081	37	27	35	38	39	41
1082	37	31	36	38	40	41
1083	35	18	34	35	40	41
1084	38	30	37	39	41	41
1085	35	18	33	37	39	41
1086	34	10	29	37	41	41
1087	35	20	34	35	37	41
1088	39	32	38	40	41	41
1089	37	22	35	38	40	41
1090	30	7	28	32	34	39
1091	39	31	38	40	41	41
1092	37	27	35	39	41	41
1093	38	24	35	40	41	41
1094	32	2	29	33	37	40
1095	38	23	35	39	41	41
1096	37	23	36	39	40	41
1097	37	33	35	38	41	41
1098	35	7	34	36	40	41
1099	35	23	33	35	39	41
1100	29	2	27	35	38	41
1101	37	26	35	38	41	41
1102	36	25	34	37	40	40
1103	29	2	29	35	38	40
1104	38	33	37	39	41	41
1105	36	7	33	37	40	41
1106	36	23	34	37	39	40
1107	36	8	34	37	39	41
1108	33	21	31	34	35	41
1109	38	31	37	39	41	41
1110	37	31	36	39	40	41
1111	37	11	35	39	41	41
1112	34	17	33	35	37	40
1113	36	22	35	37	40	41
1114	33	7	30	34	37	40
1115	38	32	37	40	41	41
1116	25	2	20	29	32	40
1117	37	28	35	38	40	41
1118	37	25	35	37	41	41
1119	38	26	35	40	41	41
1120	34	17	32	35	39	41
1121	34	2	34	35	38	41
1122	36	23	35	35	40	41
1123	36	26	35	35	38	41
1124	37	16	34	39	41	41
1125	37	27	35	37	40	41
1126	38	26	37	39	41	41
1127	38	29	37	39	40	41
1128	32	2	30	33	37	40
1129	36	27	34	36	39	41
1130	38	31	35	39	41	41
1131	38	25	37	39	41	41
1132	32	5	32	34	36	40
1133	33	2	33	35	37	40
1134	33	10	30	35	38	41
1135	38	34	37	39	41	41
1136	38	28	36	40	41	41
1137	35	17	33	35	39	41
1138	38	30	36	39	41	41
1139	39	33	37	41	41	41
1140	36	26	34	38	39	41
1141	30	2	26	35	39	41
1142	38	33	37	39	41	41
1143	35	24	34	35	37	41
1144	38	29	37	40	41	41
1145	37	19	35	38	40	41
1146	35	20	34	35	39	41
1147	37	30	35	36	41	41
1148	38	31	35	39	41	41
1149	37	32	35	37	40	41
1150	35	2	34	38	40	41
1151	37	25	36	39	41	41
1152	37	29	36	38	40	41
1153	38	31	36	39	41	41
1154	36	27	34	36	40	41
1155	35	26	34	35	37	40
1156	38	32	35	39	41	41
1157	33	8	31	35	37	40
1158	37	26	36	38	40	41
1159	37	27	35	37	40	41
1160	37	29	36	38	40	41
1161	37	13	35	39	41	41
1162	36	26	34	37	40	41
1163	37	28	34	37	40	41
1164	30	2	26	32	37	40
1165	38	27	37	40	41	41
1166	37	20	35	39	40	41
1167	36	31	35	37	40	41
1168	34	15	33	35	35	41
1169	39	34	37	41	41	41
1170	38	2	37	40	41	41
1171	38	31	36	39	40	41
1172	36	30	35	37	38	41
1173	36	24	34	36	39	40
1174	32	9	30	33	37	40
1175	32	10	30	33	35	40
1176	37	33	35	37	40	41
1177	33	5	30	34	39	41
1178	32	17	31	34	35	41
1179	37	29	35	37	40	41
1180	37	25	35	37	40	41
1181	37	29	35	37	40	41
1182	36	24	34	37	39	41
1183	27	7	23	30	34	40
1184	38	26	36	40	41	41
1185	38	34	37	40	41	41
1186	37	26	34	38	40	41
1187	31	2	30	33	37	40
1188	38	32	37	40	41	41
1189	36	24	35	37	40	41
1190	37	33	35	39	41	41
1191	36	2	35	38	40	41
1192	30	8	27	33	37	40
1193	38	33	36	40	41	41
1194	31	2	29	33	38	40
1195	37	30	35	39	41	41
1196	32	2	31	35	38	40
1197	35	18	34	35	37	41
1198	29	7	26	31	35	40
1199	37	33	35	38	40	41
1200	36	24	35	38	40	41
1201	34	2	34	38	40	41
1202	37	27	35	39	41	41
1203	27	2	2	36	40	41
1204	34	7	33	35	38	41
1205	35	25	34	36	38	41
1206	33	2	31	34	38	40
1207	31	7	29	33	37	40
1208	36	20	34	37	40	41
1209	35	22	34	35	38	41
1210	36	28	35	37	39	41
1211	31	2	31	35	39	41
1212	38	2	37	40	41	41
1213	30	2	29	33	36	39
1214	38	28	37	39	41	41
1215	37	31	36	38	40	41
1216	28	2	24	33	37	41
1217	37	24	35	38	40	41
1218	38	34	37	40	41	41
1219	33	17	32	34	37	40
1220	36	25	35	37	39	40
1221	38	31	36	39	41	41
1222	38	31	36	39	41	41
1223	32	2	30	35	39	40
1224	33	7	33	35	35	41
1225	37	25	35	39	40	41
1226	36	7	34	39	40	41
1227	35	17	33	36	38	40
1228	28	2	24	33	37	41
1229	37	25	35	38	40	41
1230	38	34	37	40	41	41
1231	38	2	37	40	41	41
1232	27	2	24	32	35	39
1233	39	33	39	40	41	41
1234	39	31	38	40	41	41
1235	36	25	35	37	40	41
1236	37	34	35	37	41	41
1237	37	20	35	38	40	41
1238	37	32	35	38	40	41
1239	35	27	33	37	39	41
1240	36	19	35	37	40	41
1241	32	7	32	34	35	41
1242	35	15	33	35	39	41
1243	37	33	35	39	41	41
1244	30	2	30	33	34	40
1245	38	31	37	40	40	41
1246	25	2	21	30	34	39
1247	37	30	35	39	41	41
1248	37	27	34	38	40	41
1249	34	7	32	35	38	40
1250	37	20	35	39	41	41
1251	37	25	36	39	40	41
1252	28	2	26	30	35	40
1253	38	33	37	40	41	41
1254	33	2	29	33	39	41
1255	37	2	35	39	41	41
1256	28	6	25	30	33	38
1257	32	10	29	34	36	40
1258	28	2	26	30	35	39
1259	38	31	37	39	41	41
1260	36	26	35	37	39	41
1261	38	33	37	39	41	41
1262	37	26	35	37	40	41
1263	37	26	35	38	40	41
1264	38	32	35	39	41	41
1265	38	31	35	39	41	41
1266	37	31	35	39	41	41
1267	36	25	35	37	39	41
1268	35	27	33	35	38	41
1269	37	26	36	38	41	41
1270	37	24	34	38	41	41
1271	36	24	34	37	40	41
1272	38	32	35	39	41	41
1273	36	25	34	38	40	41
1274	35	16	34	37	38	40
1275	37	27	35	37	40	41
1276	34	25	33	34	37	41
1277	38	33	36	39	41	41
1278	38	32	37	40	41	41
1279	37	17	35	37	40	41
1280	27	2	20	33	37	40
1281	37	12	35	38	40	41
1282	37	31	35	37	41	41
1283	34	7	33	36	39	41
1284	33	16	31	34	36	40
1285	36	24	34	37	39	41
1286	33	15	31	34	37	41
1287	37	30	35	37	40	41
1288	36	2	35	39	41	41
1289	38	32	36	39	40	41
1290	36	18	34	38	39	41
1291	35	7	34	37	40	41
1292	37	27	35	39	41	41
1293	36	17	35	38	39	40
1294	35	24	34	36	38	41
1295	38	32	35	39	41	41
1296	37	29	35	38	40	41
1297	35	24	34	37	39	40
1298	35	17	34	35	40	41
1299	35	2	33	37	40	41
1300	31	2	31	34	38	40
1301	36	20	35	35	40	41
1302	37	31	36	38	40	41
1303	37	30	35	38	40	41
1304	37	27	35	39	41	41
1305	30	6	27	33	35	40
1306	36	24	35	38	40	41
1307	34	17	32	35	38	40
1308	34	20	33	35	38	41
1309	33	19	31	34	37	40
1310	36	27	34	37	39	40
1311	36	25	34	38	40	41
1312	39	34	37	40	41	41
1313	34	22	32	35	38	41
1314	35	18	35	36	38	41
1315	38	31	37	40	41	41
1316	35	23	34	35	37	41
1317	37	30	35	39	41	41
1318	38	34	36	39	41	41
1319	36	18	34	38	40	41
1320	36	20	34	38	40	41
1321	30	2	29	33	35	40
1322	38	33	35	39	41	41
1323	34	7	33	36	39	41
1324	28	6	24	31	33	40
1325	29	2	25	34	38	41
1326	35	23	34	35	38	41
1327	27	2	20	34	39	41
1328	38	30	35	39	40	41
1329	38	31	37	39	41	41
1330	37	29	35	39	41	41
1331	35	18	33	35	39	41
1332	37	28	35	38	40	41
1333	36	24	35	37	40	41
1334	36	25	34	37	40	41
1335	38	33	36	39	40	41
1336	38	34	37	40	41	41
1337	38	33	37	39	40	41
1338	34	12	33	36	38	41
1339	37	32	35	37	40	41
1340	34	6	31	36	39	41
1341	35	24	33	36	38	40
1342	34	21	31	34	38	41
1343	33	10	31	34	37	41
1344	38	31	37	40	41	41
1345	37	30	35	38	40	41
1346	30	7	28	32	35	39
1347	38	31	36	39	40	41
1348	21	2	2	30	35	40
1349	38	2	37	40	41	41
1350	35	16	33	37	39	41
1351	38	2	39	41	41	41
1352	35	12	33	36	40	40
1353	36	26	34	35	39	41
1354	36	26	34	37	39	41
1355	37	20	35	39	41	41
1356	34	10	31	35	38	41
1357	39	33	38	40	41	41
1358	36	29	34	37	40	41
1359	38	32	36	39	41	41
1360	38	28	35	40	41	41
1361	38	8	35	40	41	41
1362	38	26	37	39	41	41
1363	33	7	31	34	39	41
1364	37	29	35	37	41	41
1365	31	5	29	34	36	41
1366	38	31	35	39	41	41
1367	34	12	33	35	38	41
1368	36	24	35	37	40	41
1369	38	31	35	39	41	41
1370	37	33	35	37	40	41
1371	37	28	35	38	39	41
1372	36	19	34	37	39	41
1373	34	25	32	35	38	41
1374	28	5	26	31	34	39
1375	30	2	28	33	37	40
1376	29	2	26	33	37	40
1377	36	25	35	35	40	41
1378	38	2	37	39	41	41
1379	28	2	25	33	38	41
1380	36	20	34	37	39	41
1381	36	29	34	37	40	41
1382	39	32	39	41	41	41
1383	36	23	35	36	39	41
1384	39	32	38	40	41	41
1385	30	7	26	33	37	40
1386	38	34	37	39	41	41
1387	36	24	34	37	39	41
1388	36	15	35	37	40	41
1389	31	2	33	39	40	41
1390	36	5	34	36	39	41
1391	35	27	33	35	38	40
1392	37	23	35	37	40	41
1393	36	27	34	35	41	41
1394	37	31	35	39	40	41
1395	38	31	36	39	40	41
1396	35	22	34	35	39	41
1397	36	27	35	37	39	41
1398	37	29	35	37	41	41
1399	27	2	25	30	34	37
1400	24	2	18	27	32	39
1401	38	29	35	39	41	41
1402	38	27	37	39	41	41
1403	36	17	34	37	40	41
1404	32	7	29	34	37	41
1405	37	25	35	39	40	41
1406	27	2	24	28	33	40
1407	35	25	34	35	38	40
1408	33	2	32	36	39	41
1409	36	17	36	38	39	41
1410	38	28	37	40	41	41
1411	38	33	37	40	41	41
1412	35	24	33	35	39	40
1413	38	34	36	40	41	41
1414	36	14	34	38	40	41
1415	38	33	35	39	41	41
1416	25	2	23	30	32	36
1417	36	2	34	37	40	41
1418	35	19	34	35	39	41
1419	26	5	20	29	34	40
1420	37	23	36	39	40	41
1421	35	24	34	36	38	40
1422	37	2	35	40	41	41
1423	22	2	2	30	36	40
1424	32	2	31	34	38	40
1425	37	30	36	38	40	41
1426	36	29	35	37	39	41
1427	36	24	34	37	40	41
1428	38	30	35	39	41	41
1429	37	22	36	38	40	41
1430	29	2	27	34	40	41
1431	29	6	27	31	35	39
1432	31	7	29	32	37	40
1433	35	23	33	35	38	40
1434	36	27	35	36	39	41
1435	36	18	34	36	39	41
1436	34	17	33	35	37	41
1437	39	33	38	40	41	41
1438	39	33	37	40	41	41
1439	35	27	33	35	38	41
1440	36	14	35	37	39	41
1441	24	2	2	30	40	41
1442	27	2	2	37	40	41
1443	27	2	21	34	39	41
1444	33	7	31	34	38	40
1445	38	32	35	39	41	41
1446	37	33	35	35	40	41
1447	38	32	35	39	41	41
1448	30	2	29	33	36	40
1449	33	23	33	34	35	41
1450	38	33	36	38	41	41
1451	37	23	35	39	40	41
1452	37	2	35	38	41	41
1453	38	32	36	40	41	41
1454	28	2	24	30	36	40
1455	33	2	32	35	38	40
1456	31	8	28	34	37	40
1457	28	2	25	32	35	40
1458	36	25	34	38	40	41
1459	35	18	33	36	40	41
1460	32	16	30	33	36	40
1461	37	26	35	37	41	41
1462	30	7	27	31	35	40
1463	33	7	31	34	38	40
1464	38	31	36	38	40	41
1465	37	30	37	39	40	41
1466	35	24	34	36	39	40
1467	36	20	35	35	41	41
1468	33	21	31	34	38	40
1469	38	34	36	39	41	41
1470	28	6	25	31	34	40
1471	39	34	37	40	41	41
1472	37	19	35	38	40	41
1473	35	18	33	36	39	41
1474	38	31	37	40	41	41
1475	36	23	34	37	40	41
1476	37	30	35	38	41	41
1477	35	2	34	37	39	41
1478	36	18	35	38	40	41
1479	38	22	36	40	41	41
1480	37	19	35	38	40	41
1481	35	20	33	35	39	41
1482	33	7	31	34	38	40
1483	33	14	31	34	36	40
1484	27	2	26	34	37	40
1485	37	2	35	37	41	41
1486	35	11	32	36	38	40
1487	36	29	35	37	39	41
1488	33	7	30	35	38	41
1489	38	33	36	40	41	41
1490	32	17	31	34	34	37
1491	37	2	35	38	41	41
1492	39	33	39	41	41	41
1493	34	2	33	35	40	41
1494	36	21	34	38	40	41
1495	37	32	36	38	40	41
1496	33	7	31	34	37	40
1497	37	25	35	39	41	41
1498	37	25	35	37	40	41
1499	31	2	28	34	38	41
1500	37	28	36	39	40	41
1501	36	20	33	38	40	41
1502	34	2	34	35	37	41
1503	36	28	35	35	40	41
1504	31	5	29	33	37	40
1505	37	25	35	38	40	41
1506	36	10	35	37	40	41
1507	36	27	35	35	39	41
1508	27	2	24	30	33	40
1509	35	32	34	35	35	41
1510	33	5	29	37	40	41
1511	35	2	34	36	38	40
1512	32	8	30	35	38	40
1513	38	33	37	40	41	41
1514	25	2	23	29	32	40
1515	29	2	26	31	35	39
1516	32	2	30	34	38	40
1517	31	7	29	33	37	40
1518	32	7	30	34	37	40
1519	39	32	38	40	41	41
1520	38	25	36	39	41	41
1521	36	23	34	38	40	41
1522	34	15	33	35	38	41
1523	38	30	36	39	41	41
1524	34	6	32	38	40	41
1525	36	26	34	37	40	41
1526	24	2	12	30	34	40
1527	22	2	2	27	34	40
1528	37	28	35	39	41	41
1529	33	18	31	35	38	41
1530	38	27	37	39	40	41
1531	37	30	35	38	40	41
1532	35	31	35	35	35	41
1533	38	24	36	39	41	41
1534	38	30	37	39	40	41
1535	34	25	33	35	37	41
1536	33	8	31	35	37	40
1537	39	30	37	41	41	41
1538	29	2	27	33	37	41
1539	37	30	35	39	40	41
1540	32	2	29	35	39	41
1541	35	2	34	38	40	41
1542	39	32	37	41	41	41
1543	36	8	34	39	40	41
1544	35	23	34	36	39	41
1545	36	8	35	38	40	41
1546	36	27	34	37	39	41
1547	34	14	32	36	38	40
1548	26	2	23	30	33	37
1549	25	2	10	31	36	40
1550	32	16	30	34	37	40
1551	37	33	35	37	41	41
1552	33	7	32	35	38	40
1553	34	7	32	35	38	41
1554	33	2	33	36	39	41
1555	38	31	35	39	41	41
1556	37	26	35	37	40	41
1557	31	7	30	34	36	40
1558	37	29	35	39	40	41
1559	35	8	33	37	39	41
1560	36	27	35	37	40	41
1561	37	31	35	38	40	41
1562	30	2	28	33	38	40
1563	37	2	36	39	41	41
1564	29	7	28	31	35	39
1565	38	27	37	39	41	41
1566	32	2	31	33	37	40
1567	34	15	33	36	39	41
1568	36	7	34	37	40	41
1569	36	29	35	37	39	41
1570	33	8	31	34	38	40
1571	38	34	37	39	41	41
1572	36	29	35	35	39	41
1573	38	28	37	39	41	41
1574	33	2	31	34	38	41
1575	35	7	33	37	40	41
1576	34	20	31	34	37	40
1577	38	27	36	39	40	41
1578	34	2	33	35	38	41
1579	37	30	35	39	41	41
1580	38	33	36	40	41	41
1581	31	7	30	34	36	40
1582	38	29	35	39	41	41
1583	37	18	35	39	41	41
1584	31	7	28	32	37	40
1585	37	31	36	38	40	41
1586	28	2	26	31	35	40
1587	37	29	35	39	41	41
1588	33	6	31	35	38	40
1589	36	27	34	37	40	41
1590	36	29	34	37	40	41
1591	32	7	30	34	38	40
1592	21	2	2	29	33	36
1593	30	2	28	31	34	39
1594	37	18	36	39	40	41
1595	37	2	35	39	41	41
1596	36	24	34	35	39	41
1597	37	26	35	37	40	41
1598	34	2	33	35	39	41
1599	36	15	34	35	41	41
1600	36	2	34	35	39	41
1601	28	2	25	31	34	39
1602	36	8	34	37	40	41
1603	21	2	2	27	32	40
1604	35	25	33	36	38	40
1605	38	30	35	39	41	41
1606	33	8	31	35	38	41
1607	34	18	31	34	38	40
1608	37	29	35	37	40	41
1609	31	12	27	31	37	40
1610	38	34	36	40	41	41
1611	37	26	35	38	40	41
1612	36	19	34	38	40	41
1613	38	26	36	39	41	41
1614	33	5	34	35	35	39
1615	38	33	36	40	41	41
1616	36	18	34	37	40	41
1617	31	2	31	35	40	41
1618	37	25	34	39	41	41
1619	38	29	35	39	41	41
1620	33	15	31	34	37	40
1621	37	31	35	39	40	41
1622	37	27	37	39	40	41
1623	38	29	35	39	41	41
1624	35	6	34	37	40	41
1625	34	7	31	37	41	41
1626	30	2	28	32	35	39
1627	35	27	35	35	35	41
1628	35	20	34	37	40	41
1629	36	10	35	35	40	41
1630	37	27	35	39	41	41
1631	38	30	36	39	41	41
1632	37	2	36	40	41	41
1633	30	15	29	32	33	40
1634	38	32	36	39	41	41
1635	36	7	35	37	40	41
1636	33	2	31	35	38	41
1637	32	2	30	33	38	40
1638	26	2	26	29	33	40
1639	26	2	22	32	37	40
1640	39	34	37	40	41	41
1641	37	26	35	37	40	41
1642	25	2	20	30	36	40
1643	29	7	26	31	34	40
1644	36	18	35	37	40	41
1645	36	15	34	37	41	41
1646	38	31	36	39	41	41
1647	37	31	35	37	41	41
1648	38	31	35	39	41	41
1649	27	7	24	29	33	38
1650	32	7	30	33	37	40
1651	23	2	15	27	32	39
1652	38	31	35	39	41	41
1653	28	2	26	33	36	40
1654	33	9	31	35	38	40
1655	35	24	33	35	38	40
1656	37	31	35	37	41	41
1657	36	20	35	36	39	41
1658	37	25	35	37	40	41
1659	27	2	24	31	35	40
1660	36	27	34	35	39	41
1661	39	34	37	41	41	41
1662	37	32	35	38	41	41
1663	37	29	35	36	41	41
1664	37	2	35	39	41	41
1665	31	2	31	34	35	40
1666	29	2	28	33	36	40
1667	36	18	35	37	40	41
1668	38	34	36	39	41	41
1669	36	15	35	37	40	41
1670	38	33	35	39	41	41
1671	38	29	37	39	40	41
1672	36	27	35	35	39	41
1673	37	31	35	38	40	41
1674	38	32	36	39	41	41
1675	28	2	23	30	35	39
1676	38	29	37	39	41	41
1677	35	20	34	36	39	41
1678	32	2	30	36	40	41
1679	36	26	34	35	39	41
1680	36	25	35	37	40	41
1681	36	23	34	37	40	41
1682	37	28	35	37	40	41
1683	38	32	36	39	40	41
1684	38	28	35	39	41	41
1685	34	8	32	36	38	40
1686	37	31	35	38	41	41
1687	34	2	33	35	39	41
1688	35	10	33	36	39	40
1689	35	24	34	35	39	40
1690	31	7	29	33	35	40
1691	35	24	33	35	38	41
1692	36	24	34	37	39	41
1693	39	34	38	40	41	41
1694	37	32	35	37	41	41
1695	37	2	35	38	40	41
1696	35	15	33	35	39	41
1697	37	29	35	37	41	41
1698	38	33	36	39	41	41
1699	38	34	36	39	41	41
1700	34	17	31	34	39	41
1701	39	32	39	40	41	41
1702	26	2	24	30	33	39
1703	35	14	34	36	39	41
1704	37	29	35	39	40	41
1705	38	26	35	39	41	41
1706	36	30	35	37	39	41
1707	29	5	27	31	34	39
1708	36	27	34	36	39	41
1709	36	17	34	37	40	41
1710	35	24	34	36	38	40
1711	32	2	31	37	40	41
1712	39	31	37	41	41	41
1713	32	7	30	34	37	40
1714	38	34	37	40	41	41
1715	36	2	34	37	40	41
1716	38	30	36	39	41	41
1717	36	20	34	36	40	41
1718	34	2	33	39	41	41
1719	38	32	37	39	40	41
1720	33	16	31	34	38	41
1721	32	16	30	33	35	40
1722	38	31	35	39	41	41
1723	35	23	34	35	38	41
1724	29	7	26	31	34	40
1725	35	24	34	36	39	41
1726	37	29	35	38	40	41
1727	32	15	30	33	35	39
1728	36	7	34	37	39	41
1729	28	7	21	31	35	40
1730	37	33	35	37	41	41
1731	36	15	34	37	41	41
1732	36	23	35	37	40	41
1733	35	26	34	36	39	41
1734	29	2	28	32	35	40
1735	36	26	35	38	40	41
1736	37	29	36	39	40	41
1737	38	31	36	39	41	41
1738	34	15	33	36	38	41
1739	38	18	37	40	41	41
1740	33	2	32	37	40	41
1741	27	2	26	32	37	40
1742	35	19	35	35	39	41
1743	38	30	36	39	41	41
1744	38	25	36	40	41	41
1745	37	29	35	37	40	41
1746	37	26	35	37	41	41
1747	37	31	35	37	41	41
1748	38	2	37	40	41	41
1749	37	29	36	38	40	41
1750	37	2	35	39	41	41
1751	35	27	34	35	37	41
1752	38	33	36	40	41	41
1753	36	23	34	37	39	41
1754	34	10	32	35	38	41
1755	37	30	35	37	40	41
1756	38	29	37	39	40	41
1757	35	20	34	35	39	40
1758	37	27	35	39	41	41
1759	38	29	37	39	41	41
1760	30	2	27	34	38	41
1761	34	12	31	36	38	40
1762	36	7	35	35	39	41
1763	25	2	2	35	40	41
1764	37	25	35	37	40	41
1765	35	21	32	37	39	41
1766	38	34	36	40	41	41
1767	35	22	34	37	39	41
1768	33	18	32	34	38	41
1769	38	34	37	40	41	41
1770	36	26	34	37	40	41
1771	38	32	37	39	40	41
1772	36	25	35	37	39	41
1773	36	24	35	37	40	41
1774	36	30	35	35	39	41
1775	37	31	35	37	41	41
1776	38	32	37	40	40	41
1777	37	31	36	38	40	41
1778	37	33	35	39	41	41
1779	38	2	35	40	41	41
1780	31	2	29	33	37	41
1781	38	33	36	39	41	41
1782	38	31	37	40	41	41
1783	29	2	29	34	37	41
1784	36	31	35	35	39	41
1785	30	2	23	39	41	41
1786	36	23	34	37	40	41
1787	38	28	35	39	41	41
1788	34	15	34	35	37	41
1789	37	27	34	37	40	41
1790	32	5	30	35	40	41
1791	35	24	33	37	38	41
1792	37	24	35	38	40	41
1793	36	26	35	38	40	41
1794	36	26	34	37	40	41
1795	37	29	35	37	40	41
1796	31	5	29	33	37	40
1797	36	30	35	37	39	41
1798	38	33	36	39	40	41
1799	37	23	36	39	40	41
1800	37	31	35	37	40	41
1801	38	34	37	39	41	41
1802	38	34	37	39	41	41
1803	35	26	33	35	38	41
1804	35	18	32	37	39	41
1805	37	30	35	38	40	41
1806	37	28	36	38	41	41
1807	38	27	35	39	41	41
1808	36	29	35	35	40	41
1809	31	2	29	33	36	40
1810	33	18	31	34	37	40
1811	29	2	29	35	38	41
1812	38	33	36	39	41	41
1813	33	13	30	35	37	40
1814	36	29	34	37	39	40
1815	38	29	37	40	41	41
1816	33	13	31	34	37	40
1817	38	2	36	40	41	41
1818	38	33	37	39	41	41
1819	37	32	35	37	40	41
1820	38	31	35	40	41	41
1821	35	17	34	35	38	41
1822	31	2	30	34	38	40
1823	38	30	37	40	40	40
1824	36	25	34	38	40	41
1825	36	29	35	35	40	41
1826	34	2	34	37	40	41
1827	37	25	35	39	40	41
1828	38	32	35	39	41	41
1829	37	18	35	37	41	41
1830	37	30	35	38	40	41
1831	30	2	29	34	39	41
1832	31	10	27	33	36	40
1833	32	2	31	34	38	41
1834	28	7	24	31	34	40
1835	33	2	31	35	37	40
1836	31	5	29	33	36	40
1837	37	26	35	37	41	41
1838	30	2	29	35	37	40
1839	34	7	33	35	39	41
1840	39	31	38	40	41	41
1841	35	2	34	37	40	41
1842	39	31	39	40	41	41
1843	30	2	29	33	35	40
1844	36	2	35	39	41	41
1845	34	26	32	35	38	41
1846	30	2	28	32	35	40
1847	37	30	35	38	40	41
1848	28	2	25	30	34	38
1849	37	28	35	37	40	41
1850	37	27	35	38	40	41
1851	37	19	35	39	41	41
1852	38	32	35	39	41	41
1853	39	33	37	41	41	41
1854	37	2	36	39	40	41
1855	36	29	35	37	39	41
1856	35	20	34	36	38	40
1857	33	23	31	34	36	40
1858	30	12	27	32	36	39
1859	38	31	36	39	41	41
1860	38	31	37	40	41	41
1861	32	11	31	34	35	41
1862	38	29	35	39	41	41
1863	37	28	35	38	40	41
1864	37	24	35	37	41	41
1865	38	26	35	39	41	41
1866	37	7	35	38	40	41
1867	36	19	34	37	40	41
1868	35	8	34	35	38	41
1869	36	15	34	37	40	41
1870	38	33	35	39	41	41
1871	35	25	33	36	38	40
1872	37	29	35	39	41	41
1873	39	34	38	40	41	41
1874	38	31	37	39	41	41
1875	37	34	35	38	40	41
1876	34	18	32	34	38	40
1877	35	25	34	36	39	41
1878	37	33	35	37	41	41
1879	31	6	30	32	35	40
1880	37	22	35	39	40	41
1881	35	18	34	36	38	40
1882	36	27	34	37	39	41
1883	36	24	34	38	40	41
1884	37	30	35	39	41	41
1885	37	8	37	39	40	41
1886	36	27	35	35	40	41
1887	29	7	26	32	34	40
1888	34	8	32	36	39	40
1889	35	18	34	36	38	40
1890	39	34	38	40	41	41
1891	39	34	38	40	41	41
1892	37	30	35	37	40	41
1893	36	2	35	38	40	41
1894	37	25	35	39	40	41
1895	31	5	27	33	37	41
1896	35	18	33	35	41	41
1897	34	25	32	35	38	40
1898	38	33	37	40	41	41
1899	37	28	35	38	40	41
1900	37	25	35	39	41	41
1901	39	33	37	40	41	41
1902	31	2	27	36	39	41
1903	37	29	35	38	40	41
1904	39	32	37	40	41	41
1905	37	30	35	38	40	41
1906	35	23	34	35	38	41
1907	37	26	36	38	40	41
1908	36	20	34	37	40	41
1909	23	2	2	30	35	40
1910	37	23	35	38	41	41
1911	38	29	37	39	41	41
1912	37	30	35	39	40	41
1913	38	25	37	40	41	41
1914	36	28	34	35	39	41
1915	38	33	36	39	41	41
1916	31	2	30	34	37	40
1917	36	26	35	37	40	41
1918	35	24	33	36	39	40
1919	34	15	33	34	37	41
1920	36	25	35	35	39	41
1921	38	33	35	39	41	41
1922	33	16	30	34	38	40
1923	36	2	34	37	40	41
1924	32	8	28	33	37	40
1925	36	2	35	38	40	41
1926	36	26	34	35	39	41
1927	37	28	36	39	40	41
1928	37	32	35	37	41	41
1929	31	7	27	33	37	40
1930	37	19	36	39	40	41
1931	38	30	36	39	40	41
1932	34	26	33	35	38	41
1933	37	22	35	39	41	41
1934	38	26	37	41	41	41
1935	35	18	34	35	39	41
1936	37	31	35	37	40	41
1937	33	18	31	34	38	41
1938	25	2	20	31	37	40
1939	38	33	37	39	41	41
1940	31	7	29	32	37	40
1941	37	25	35	39	41	41
1942	37	26	34	40	41	41
1943	37	29	35	37	41	41
1944	37	21	35	37	41	41
1945	36	2	35	38	40	41
1946	37	20	36	38	40	41
1947	36	27	35	35	39	41
1948	34	7	32	36	40	41
1949	36	29	35	37	41	41
1950	35	26	33	37	39	41
1951	33	12	31	35	38	41
1952	39	32	37	40	41	41
1953	38	32	37	40	41	41
1954	37	25	35	39	40	41
1955	38	27	35	39	41	41
1956	38	25	35	39	41	41
1957	34	10	31	34	39	40
1958	36	18	34	37	40	41
1959	37	27	35	36	41	41
1960	29	2	26	33	37	41
1961	35	17	32	36	39	41
1962	32	17	30	33	36	40
1963	36	20	35	35	40	41
1964	35	20	34	35	38	41
1965	36	20	35	37	40	41
1966	37	31	36	38	40	41
1967	38	28	35	40	41	41
1968	34	2	32	35	39	40
1969	36	7	35	38	39	41
1970	38	2	36	40	41	41
1971	36	19	35	35	39	41
1972	32	2	31	34	37	41
1973	38	31	37	38	40	41
1974	36	18	34	36	39	41
1975	38	33	35	39	41	41
1976	36	27	35	37	39	40
1977	36	12	35	36	40	41
1978	35	20	35	35	35	41
1979	38	19	37	39	41	41
1980	25	2	20	30	34	39
1981	34	2	32	36	38	41
1982	37	17	34	38	41	41
1983	38	33	37	40	41	41
1984	37	30	35	37	41	41
1985	38	34	36	39	41	41
1986	24	2	20	27	33	40
1987	35	15	33	35	39	41
1988	36	13	35	38	40	41
1989	34	7	32	35	39	41
1990	37	29	35	38	40	41
1991	37	29	36	38	40	41
1992	36	24	34	36	40	41
1993	36	29	35	35	39	41
1994	35	2	34	37	39	41
1995	38	24	37	40	41	41
1996	36	26	34	37	39	41
1997	29	2	24	32	37	41
1998	35	25	34	35	38	40
1999	33	15	31	35	38	41
2000	38	28	37	40	41	41
2001	37	25	35	39	41	41
2002	35	21	35	35	36	41
2003	36	15	34	35	40	41
2004	39	34	37	41	41	41
2005	37	30	35	39	41	41
2006	36	25	34	38	40	41
2007	37	23	35	39	41	41
2008	37	29	35	37	40	41
2009	34	17	33	35	38	41
2010	38	31	37	40	41	41
2011	35	17	33	35	39	41
2012	38	31	37	39	41	41
2013	37	23	35	37	41	41
2014	37	29	35	39	41	41
2015	34	10	33	35	39	41
2016	39	33	37	40	41	41
2017	32	10	31	34	36	41
2018	37	31	36	38	40	41
2019	27	2	25	30	34	40
2020	35	8	34	36	38	40
2021	33	5	31	34	37	41
2022	38	31	37	39	41	41
2023	39	34	37	40	41	41
2024	25	2	21	30	33	39
2025	38	2	37	40	41	41
2026	37	29	35	38	40	41
2027	37	30	36	38	39	40
2028	38	31	37	39	41	41
2029	36	25	34	37	39	41
2030	36	20	35	38	39	41
2031	36	29	34	36	38	41
2032	36	25	34	37	39	41
2033	36	22	34	37	40	41
2034	38	31	37	39	40	41
2035	31	5	27	33	38	41
2036	39	32	38	40	41	41
2037	29	2	29	34	38	41
2038	38	34	37	40	41	41
2039	38	31	37	39	41	41
2040	31	6	27	33	37	40
2041	36	20	34	37	40	41
2042	38	34	36	40	41	41
2043	37	29	35	39	41	41
2044	35	20	34	35	38	41
2045	37	30	36	38	40	41
2046	35	17	33	35	37	41
2047	37	23	35	39	41	41
2048	37	30	35	37	40	41
2049	34	18	32	34	37	40
2050	38	24	36	39	41	41
2051	36	2	35	36	40	41
2052	36	29	35	37	39	41
2053	35	19	33	35	40	41
2054	33	7	31	34	38	40
2055	37	18	35	39	41	41
2056	38	31	36	39	41	41
2057	32	7	30	34	37	40
2058	38	32	37	40	41	41
2059	37	17	34	39	41	41
2060	39	33	38	40	41	41
2061	32	2	31	34	36	40
2062	37	24	35	38	40	41
2063	32	15	30	33	36	40
2064	29	8	26	30	34	39
2065	33	10	32	34	36	40
2066	38	28	36	39	41	41
2067	37	20	36	39	41	41
2068	35	16	34	36	40	41
2069	34	23	34	35	35	39
2070	36	20	35	37	41	41
2071	35	25	32	36	38	41
2072	38	29	36	39	41	41
2073	38	33	35	39	41	41
2074	30	2	29	33	35	40
2075	30	2	31	34	37	40
2076	32	2	31	33	37	41
2077	35	18	32	36	39	40
2078	37	2	36	40	41	41
2079	33	7	32	34	38	40
2080	34	2	34	35	38	40
2081	37	23	35	38	40	41
2082	36	11	34	37	40	41
2083	38	32	37	39	41	41
2084	36	25	35	37	39	40
2085	38	33	35	39	41	41
2086	37	25	35	39	41	41
2087	38	31	35	39	41	41
2088	33	7	32	35	37	40
2089	38	32	35	39	40	41
2090	38	31	37	39	41	41
2091	35	16	33	37	39	40
2092	33	11	31	35	38	40
2093	38	32	35	40	41	41
2094	38	28	35	39	41	41
2095	39	34	37	40	41	41
2096	31	2	30	34	39	41
2097	28	2	26	31	34	39
2098	33	16	30	34	37	41
2099	37	22	36	39	40	41
2100	36	18	34	35	40	41
2101	36	25	34	37	39	41
2102	39	34	39	41	41	41
2103	36	20	33	37	40	41
2104	33	19	31	34	38	41
2105	36	24	34	37	41	41
2106	35	18	34	35	39	41
2107	35	12	34	37	40	41
2108	31	2	33	38	39	41
2109	37	28	36	39	40	41
2110	35	15	34	37	40	41
2111	26	2	24	29	33	37
2112	24	2	2	35	39	41
2113	32	7	30	33	37	40
2114	36	29	35	37	39	41
2115	29	7	26	31	35	40
2116	30	2	30	35	35	37
2117	36	28	35	37	39	40
2118	30	7	26	31	37	40
2119	31	2	29	33	37	40
2120	38	34	37	40	41	41
2121	37	25	35	39	41	41
2122	38	23	35	39	41	41
2123	37	23	35	38	40	41
2124	38	31	36	39	41	41
2125	33	8	32	34	36	40
2126	32	5	29	34	37	41
2127	37	28	35	38	41	41
2128	33	5	32	35	37	41
2129	35	17	34	36	39	40
2130	38	31	35	39	41	41
2131	34	2	34	39	41	41
2132	38	31	35	39	41	41
2133	38	27	37	40	41	41
2134	38	30	36	39	41	41
2135	35	15	34	35	39	41
2136	36	30	35	35	39	41
2137	37	26	36	39	41	41
2138	37	25	35	37	40	41
2139	39	30	37	40	41	41
2140	36	29	34	36	38	40
2141	37	27	35	37	40	41
2142	33	17	31	35	37	40
2143	35	15	33	35	40	41
2144	38	31	37	40	41	41
2145	36	2	35	39	41	41
2146	37	18	35	37	40	41
2147	37	32	35	39	41	41
2148	38	31	35	39	41	41
2149	37	31	35	39	41	41
2150	35	29	34	35	37	41
2151	37	29	36	38	40	41
2152	35	18	33	36	39	41
2153	31	7	28	33	37	40
2154	38	28	35	39	41	41
2155	36	25	34	35	40	41
2156	35	24	34	35	39	41
2157	35	20	34	35	39	41
2158	33	7	31	35	38	40
2159	38	33	35	39	41	41
2160	33	13	29	34	38	40
2161	37	29	35	37	41	41
2162	38	26	37	40	41	41
2163	39	34	37	40	41	41
2164	37	20	35	38	41	41
2165	33	2	31	35	38	40
2166	36	24	35	37	39	41
2167	38	32	35	40	41	41
2168	33	15	33	35	35	39
2169	36	27	34	37	40	41
2170	39	34	37	40	41	41
2171	30	7	28	32	35	38
2172	37	30	35	38	40	41
2173	37	20	35	39	40	41
2174	34	15	32	35	38	40
2175	34	7	33	37	39	41
2176	37	29	35	37	41	41
2177	29	7	26	31	36	40
2178	38	26	35	39	41	41
2179	34	20	34	35	35	41
2180	34	2	33	37	39	41
2181	35	8	33	36	39	41
2182	36	6	34	38	40	41
2183	37	29	35	38	41	41
2184	37	29	35	39	40	41
2185	30	5	29	34	38	40
2186	29	2	26	31	36	40
2187	36	22	34	38	40	41
2188	33	16	31	35	39	41
2189	34	17	32	35	39	41
2190	26	2	21	31	35	39
2191	36	23	34	38	40	41
2192	35	7	34	36	39	41
2193	33	2	32	36	39	41
2194	37	25	35	38	40	41
2195	31	8	29	33	35	41
2196	36	29	34	36	40	41
2197	37	2	35	39	41	41
2198	33	16	31	34	37	40
2199	38	23	35	40	41	41
2200	36	19	35	38	39	40
2201	37	25	35	38	41	41
2202	37	24	35	38	40	41
2203	34	5	32	35	38	41
2204	28	2	2	37	40	41
2205	32	2	31	34	38	40
2206	35	7	34	35	40	41
2207	38	30	35	39	41	41
2208	38	31	36	39	40	41
2209	33	15	30	34	38	41
2210	37	28	35	38	41	41
2211	36	22	35	35	41	41
2212	38	18	37	39	41	41
2213	23	2	18	27	31	40
2214	35	25	34	35	38	40
2215	26	2	21	31	36	41
2216	32	2	30	34	37	40
2217	34	20	32	35	38	41
2218	29	2	26	34	37	40
2219	37	31	35	38	40	41
2220	38	32	36	39	41	41
2221	33	7	32	36	38	41
2222	35	2	34	35	39	41
2223	36	23	34	37	40	41
2224	38	33	37	40	41	41
2225	30	8	27	31	35	40
2226	27	2	27	34	36	41
2227	30	7	27	32	37	40
2228	38	30	35	40	41	41
2229	38	34	37	40	41	41
2230	36	30	35	36	39	41
2231	33	2	31	34	38	40
2232	33	7	31	34	38	41
2233	34	7	32	35	38	40
2234	23	2	2	30	35	40
2235	38	34	35	39	41	41
2236	39	34	37	40	41	41
2237	29	2	26	32	36	40
2238	34	17	32	35	38	41
2239	22	2	2	29	35	40
2240	37	24	34	38	40	41
2241	38	29	36	40	41	41
2242	28	2	25	32	38	41
2243	37	2	35	40	41	41
2244	36	2	35	35	41	41
2245	33	18	31	34	37	40
2246	37	2	35	39	41	41
2247	21	2	2	27	35	40
2248	36	20	34	37	38	40
2249	37	28	35	36	41	41
2250	31	6	30	33	35	41
2251	36	28	34	36	39	41
2252	36	24	34	37	39	41
2253	33	7	31	34	38	40
2254	36	10	35	39	41	41
2255	35	18	34	37	39	41
2256	36	20	34	37	40	41
2257	38	26	37	40	41	41
2258	36	28	34	37	40	41
2259	25	2	19	29	33	40
2260	37	30	35	38	40	41
2261	38	23	35	39	41	41
2262	39	34	38	40	41	41
2263	37	26	35	38	40	41
2264	37	17	35	38	40	41
2265	35	17	32	36	39	41
2266	35	7	34	37	39	41
2267	34	7	34	37	39	40
2268	34	18	31	35	38	41
2269	37	29	35	39	41	41
2270	29	2	27	31	35	40
2271	39	33	37	40	41	41
2272	36	29	35	35	39	41
2273	37	25	35	37	41	41
2274	37	18	35	37	41	41
2275	33	2	31	34	38	40
2276	34	24	33	35	37	41
2277	32	2	32	35	38	41
2278	34	2	32	37	40	41
2279	38	34	35	39	41	41
2280	36	5	34	36	40	41
2281	36	26	35	37	39	41
2282	34	22	32	35	38	40
2283	33	7	31	35	38	41
2284	37	33	35	37	40	41
2285	36	25	34	37	39	41
2286	38	33	36	40	41	41
2287	29	2	28	31	35	40
2288	38	25	35	39	41	41
2289	38	34	37	40	41	41
2290	38	31	37	40	41	41
2291	35	23	34	35	38	40
2292	37	25	35	38	40	41
2293	25	2	2	31	36	40
2294	37	32	35	37	41	41
2295	28	2	29	33	36	40
2296	36	29	35	35	39	41
2297	38	27	37	40	41	41
2298	38	29	35	39	41	41
2299	36	2	35	38	40	41
2300	36	17	35	38	41	41
2301	37	2	35	39	41	41
2302	37	26	35	37	41	41
2303	29	2	27	32	36	39
2304	38	32	37	40	41	41
2305	36	30	35	37	39	41
2306	37	27	35	38	40	41
2307	37	29	35	38	41	41
2308	34	19	33	35	37	41
2309	38	33	37	39	41	41
2310	35	13	33	37	40	41
2311	37	29	35	38	40	41
2312	28	2	2	35	40	41
2313	32	7	29	34	38	41
2314	30	7	27	31	35	40
2315	38	31	37	39	40	41
2316	37	24	35	39	41	41
2317	35	24	34	35	39	41
2318	36	18	34	37	40	41
2319	37	27	35	38	41	41
2320	36	6	34	37	40	41
2321	38	32	35	39	41	41
2322	36	24	34	35	39	41
2323	37	17	36	39	41	41
2324	36	24	34	35	40	41
2325	32	2	31	35	38	41
2326	37	23	35	38	40	41
2327	36	24	35	37	39	41
2328	37	27	35	38	40	41
2329	38	29	35	39	41	41
2330	35	25	35	35	37	41
2331	34	21	31	34	38	40
2332	38	31	36	39	41	41
2333	30	2	29	34	38	40
2334	33	2	31	34	37	40
2335	35	2	34	37	40	41
2336	36	7	34	39	40	41
2337	34	2	32	35	39	41
2338	34	7	34	35	40	41
2339	39	31	37	40	41	41
2340	37	25	35	39	41	41
2341	37	2	35	40	41	41
2342	36	2	35	37	41	41
2343	36	17	33	37	40	41
2344	33	2	32	35	35	41
2345	36	25	35	38	40	40
2346	32	2	30	33	37	40
2347	37	29	35	38	40	41
2348	34	17	32	35	38	41
2349	34	25	33	34	37	41
2350	38	33	37	40	41	41
2351	37	29	35	37	41	41
2352	36	21	35	37	40	41
2353	31	5	27	33	38	40
2354	35	2	34	38	40	41
2355	38	27	36	39	41	41
2356	37	29	35	37	41	41
2357	38	10	37	39	41	41
2358	35	19	33	37	40	41
2359	35	18	34	35	38	41
2360	37	29	35	39	41	41
2361	36	30	34	37	39	41
2362	32	2	30	34	37	39
2363	34	17	33	36	39	41
2364	36	27	34	37	39	41
2365	36	26	34	36	39	41
2366	36	23	34	37	39	41
2367	35	20	33	36	39	40
2368	36	10	34	37	40	41
2369	37	31	35	37	41	41
2370	36	27	34	37	39	41
2371	33	2	32	35	38	40
2372	35	20	34	36	39	41
2373	38	2	37	40	41	41
2374	36	29	35	36	39	41
2375	36	21	34	36	39	41
2376	31	8	26	33	36	40
2377	36	25	35	36	39	41
2378	22	2	2	29	36	40
2379	38	33	35	39	41	41
2380	31	8	28	32	37	40
2381	34	18	32	36	39	41
2382	35	13	33	36	39	41
2383	34	18	33	34	37	40
2384	37	30	35	39	41	41
2385	38	31	35	39	41	41
2386	32	2	31	35	39	41
2387	30	2	31	34	38	40
2388	37	26	35	38	40	41
2389	39	30	37	41	41	41
2390	38	30	35	39	41	41
2391	29	7	26	31	34	40
2392	37	30	35	38	40	41
2393	37	25	36	39	41	41
2394	35	7	34	37	38	41
2395	36	10	34	38	41	41
2396	35	23	34	35	39	41
2397	32	7	30	33	36	40
2398	38	32	36	39	41	41
2399	37	23	35	39	41	41
2400	35	18	33	36	39	41
2401	36	25	34	37	40	41
2402	34	2	33	35	38	41
2403	33	17	30	34	37	40
2404	38	32	37	40	41	41
2405	30	7	26	31	36	40
2406	30	7	27	31	36	40
2407	30	6	26	32	36	39
2408	35	24	34	35	38	41
2409	36	31	35	35	39	41
2410	36	27	34	35	40	41
2411	37	28	34	38	40	41
2412	36	8	34	38	40	41
2413	35	20	34	37	39	41
2414	38	24	35	39	41	41
2415	35	21	34	35	35	41
2416	38	33	36	39	41	41
2417	35	19	33	36	39	40
2418	36	21	34	38	40	41
2419	38	31	37	40	41	41
2420	36	29	34	36	40	41
2421	36	25	35	37	40	41
2422	38	31	35	39	41	41
2423	37	27	35	37	41	41
2424	33	2	31	37	39	41
2425	37	32	35	37	41	41
2426	37	29	36	38	40	41
2427	37	31	35	39	40	41
2428	38	31	37	40	41	41
2429	37	25	35	38	40	41
2430	36	12	35	35	40	41
2431	33	20	30	34	38	41
2432	32	2	32	35	37	41
2433	37	30	35	37	41	41
2434	35	17	34	37	39	41
2435	37	31	35	38	40	41
2436	30	2	28	33	38	40
2437	32	10	31	34	35	41
2438	33	8	31	34	37	40
2439	32	11	30	33	36	40
2440	38	30	35	39	41	41
2441	37	18	35	38	41	41
2442	36	15	35	37	40	41
2443	38	28	37	40	41	41
2444	39	34	38	40	41	41
2445	39	32	38	40	41	41
2446	38	33	35	39	41	41
2447	36	23	34	36	40	41
2448	29	2	28	33	37	40
2449	38	32	35	39	41	41
2450	37	26	35	38	40	41
2451	37	31	35	39	41	41
2452	37	23	35	38	41	41
2453	37	2	35	39	41	41
2454	37	26	35	37	40	41
2455	24	2	2	34	35	40
2456	37	26	35	37	41	41
2457	38	30	35	39	41	41
2458	23	2	16	28	33	37
2459	36	18	35	36	40	41
2460	35	18	33	35	37	41
2461	37	31	36	38	40	41
2462	38	34	37	39	41	41
2463	37	31	36	38	40	41
2464	38	33	35	39	41	41
2465	36	20	35	38	39	41
2466	35	19	33	35	39	41
2467	36	15	33	37	40	41
2468	38	34	36	39	41	41
2469	38	32	37	40	41	41
2470	34	5	32	35	39	41
2471	38	34	37	40	41	41
2472	37	27	35	37	40	41
2473	38	32	37	40	41	41
2474	39	34	39	41	41	41
2475	38	33	36	39	41	41
2476	38	33	36	39	40	41
2477	35	17	33	35	39	41
2478	38	34	35	39	41	41
2479	38	33	35	39	41	41
2480	34	15	31	35	40	41
2481	26	2	20	32	36	40
2482	36	5	35	37	40	41
2483	35	26	33	37	39	40
2484	38	26	36	40	41	41
2485	37	27	35	37	41	41
2486	39	34	39	41	41	41
2487	38	31	36	39	40	41
2488	39	33	37	40	41	41
2489	37	30	35	38	40	41
2490	38	2	37	40	41	41
2491	38	33	37	40	41	41
2492	38	2	37	40	41	41
2493	31	13	28	31	35	40
2494	37	19	35	39	40	41
2495	38	33	36	39	41	41
2496	37	23	35	39	41	41
2497	37	29	35	37	40	41
2498	37	28	35	37	40	41
2499	29	7	26	31	36	40
2500	28	2	26	34	36	40
